0.0	0.0	0.0	0.0	0.0	0.0	0.0	0.0	0.0	0.0	0.0	0.0	0.0	0.0	0.0	0.0	0.0	0.0	0.0	0.0	0.0	0.0	0.0	0.0	0.0	0.0	0.0	0.0	0.0	0.0	0.0	0.0	0.0	0.0	0.0	0.0	0.0	0.0	0.0	0.0	0.0	0.0	0.0	0.0	0.0	0.0	0.0	0.0	0.0	0.0	0.0	0.0	0.0	0.0	0.0	0.0	0.0	0.0	0.0	0.0	0.0	0.0001394700139470014	0.0	0.0	0.0	0.0	0.0	0.0	0.0	0.0	0.0	0.0	0.0	0.0	0.0	0.0	0.0	0.0	0.0	0.0	0.0	0.0	0.0	0.0	0.0	0.0	0.0	0.0	0.0	0.0	0.0	0.0	0.0	0.0	0.0	0.0	0.0	0.0	0.0	0.0	0.0	0.0	0.0	0.0	0.0	0.0	0.0	0.0	0.0	0.0	0.0	0.0	0.0	0.0	0.0	0.0	0.0	0.0	0.0	0.0	0.0	0.0	0.0	0.0	0.0	0.0	0.0	0.0	0.0	0.0	0.0	0.0	0.0	0.0	0.0	0.0	0.0	0.0	0.00020661157024793388	0.0	0.0	0.0	8.431703204047218e-05	0.0	0.0	0.0	0.0	0.0	0.0	0.0	0.0	0.0	0.0	0.0	0.0	0.0	0.0	0.0
0.0	0.0	1.667643248660011e-05	1.5739359563360785e-05	0.0	1.354494143844569e-05	0.0	1.1600524343700335e-05	1.368920708690251e-05	0.0	0.0	1.8163654527290892e-05	0.0	0.0	0.0	0.0001156737998843262	0.0	1.1255684120480842e-05	9.3789567473778e-06	8.032902769744875e-06	1.0754795443790658e-05	1.0745359952097186e-05	1.9734963919776474e-05	3.85579332947754e-05	0.0	3.5052666631614e-05	5.58810627460513e-06	2.1421074052653e-06	0.0	2.6794063507289325e-06	2.1770476766184355e-06	0.0	7.8157972894815e-06	5.068965814387651e-06	3.3515966204831224e-06	8.7631666579035e-06	4.779909086129182e-06	0.0	1.3648825945053239e-05	3.174363333817953e-06	2.1156616348299257e-06	2.10315999789684e-06	4.191079705953848e-06	4.489123763079578e-06	0.0	0.0	5.490844931218016e-06	5.750828119249172e-06	0.0	0.0	1.4906417510866778e-06	9.328532248735983e-06	1.7633201201878995e-06	2.0582526669808933e-06	0.0	0.0	1.980715751443942e-06	4.819741661846925e-06	3.780189538703471e-06	0.0	2.010843978867035e-06	6.45321059326785e-06	5.942147254331825e-06	3.6035451677360186e-06	0.0	3.3431734070614508e-06	6.756647189505035e-06	4.044538457493923e-06	0.0	7.321126574957354e-06	3.463287421686413e-06	0.0	0.0	5.073412275628342e-06	6.535242931317864e-06	5.561240379054144e-06	8.407448428235448e-06	2.36713096625497e-06	0.0	2.2244961516216576e-06	0.0	8.032902769744875e-06	0.0	4.421247631869237e-06	4.3982433416093615e-06	7.391297117209342e-06	8.71037649731372e-06	0.0	6.0615091642441675e-06	4.453886684214981e-06	3.74348866939567e-06	1.5220236826885026e-05	5.526698513345733e-06	0.0	6.949694252062322e-06	4.448992303243315e-06	4.708567159470537e-06	2.7153474151250282e-06	0.0	0.0	3.21316110789795e-06	1.07105370263265e-05	0.0	3.3260837027442038e-06	0.0	0.0	0.0	0.0	0.0	0.0	9.481459006911984e-06	0.0	0.0	0.0	6.024677077308656e-06	3.0334038431204423e-06	5.369473469431587e-06	4.191079705953848e-06	2.3345888007542143e-06	2.27256974232468e-06	5.152507789947715e-06	0.0	0.0	1.5631594578963e-05	6.725220923507337e-06	0.0	2.095539852976924e-06	0.0	0.0	1.5589460900852589e-06	0.0	3.9887517201491795e-06	0.0	2.754138092483957e-05	0.0	0.0	8.7631666579035e-06	5.405317751604028e-06	7.169863629193773e-06	1.0117241972390046e-05	5.2489529159081655e-06	5.1385202317815194e-06	1.1703925789307879e-05	3.3297006299460622e-06	0.0	7.950089339128948e-06	0.0	2.4199539724754434e-06	4.602405830941361e-06	0.0	2.9210555526345e-06	1.2438042998314644e-05	1.5446056364375902e-05	0.0	6.4622234572249275e-06	0.0	2.5478810547208414e-06	5.47846142889231e-06
0.0	1.667643248660011e-05	0.0	1.807090261305252e-05	0.0	0.0	0.0	1.5021386699313147e-05	2.0163322915616494e-05	0.0	0.0	1.2997844524116417e-05	0.0	0.0	0.0	0.0	0.0	1.7657999858736e-05	0.0	6.8261249453910005e-06	5.415768551715174e-06	1.5218485711972504e-05	1.8294755960660178e-05	8.737439930100481e-05	0.0	3.9715636045911274e-05	6.33147821021774e-06	4.854133294500267e-06	0.0	3.4695327320054855e-06	4.933309872704161e-06	0.0	1.2650733489527724e-06	6.891933336626146e-06	2.971918343571592e-06	4.964454505738909e-06	7.221024735620232e-06	0.0	7.732247725752638e-06	1.4386564100055677e-06	5.992757153704033e-07	0.0	1.899443463065322e-05	4.948833188854898e-06	5.200857101250286e-06	0.0	0.0	1.861670439652091e-06	0.0	4.0702359922828325e-06	1.013362878491035e-05	0.0	0.0	6.996170762535972e-06	0.0	0.0	0.0	5.460899956312801e-06	4.283058789264942e-06	0.0	3.987097751675578e-06	3.655832606736603e-06	0.0	1.3609719517290467e-06	0.0	4.90199792066161e-06	3.062186891390355e-06	7.85584009699344e-06	0.0	0.0	0.0	0.0	0.0	0.0	5.553457582690983e-06	0.0	9.346137061818946e-06	3.5760327135472635e-06	0.0	5.0408307289041236e-06	1.02391874180865e-05	0.0	1.0332014107332063e-06	6.591309542924321e-06	4.9833307586124414e-06	0.0	1.9738192613178795e-06	0.0	0.0	4.325465311930931e-06	0.0	0.0	6.888091679247871e-06	0.0	8.749105403972444e-07	1.0081661457808247e-05	8.002404277907496e-06	0.0	1.8511525275636612e-05	0.0	0.0	6.067666618125334e-06	0.0	1.674908612798814e-06	0.0	0.0	0.0	0.0	0.0	0.0	0.0	0.0	0.0	0.0	2.559796854521625e-06	2.29128669495642e-06	5.214652478176679e-06	3.16573910510887e-06	3.2201867064252384e-06	0.0	0.0	7.991560911677269e-06	0.0	0.0	0.0	0.0	7.122912986494957e-06	0.0	0.0	0.0	3.4764349854511196e-06	6.025820641448607e-06	0.0	0.0	0.0	2.2213830330763933e-05	3.309636337159273e-06	0.0	0.0	3.821037870306333e-06	2.230203045119238e-06	5.822084849770804e-06	1.1050725038069748e-05	5.28169943961169e-06	0.0	5.404602018618854e-06	0.0	2.7418744550524522e-06	0.0	0.0	6.619272674318546e-06	4.697548349516387e-06	1.1667204654436844e-05	1.4978468451600823e-05	3.660938518198525e-06	1.6911174058258994e-05	5.773638720330714e-06	1.773499309222019e-06
0.0	1.5739359563360785e-05	1.807090261305252e-05	0.0	0.0	1.5295561228131597e-05	0.0	9.357026711192252e-06	1.717608059017013e-05	0.0	0.0	1.7392555986037976e-05	0.0	0.0	0.0	0.0	0.0	1.357951730790958e-05	1.1767936296238182e-05	9.449080793420416e-06	1.0495507922609124e-05	1.297679614026265e-05	1.1958821135992338e-05	0.0	0.0	0.0	1.4022983670235515e-05	1.3438692683975702e-06	0.0	6.963928770054914e-06	4.097368032880924e-06	0.0	7.354960185148864e-06	4.61108517596537e-06	4.296724871747334e-06	4.123235255310727e-06	2.9987165493168924e-06	3.2205151106568993e-06	6.42203013216538e-06	3.5846348213019714e-06	4.977293586657667e-07	3.958305845098298e-06	7.887928314507478e-06	5.3281160421049044e-06	2.879719860851936e-06	0.0	6.889456375962227e-06	3.6078308483968863e-06	0.0	3.3805407062174907e-06	6.546167312555175e-06	8.778500866145418e-06	7.743636942900634e-06	3.2281557159016368e-06	0.0	0.0	3.7278565321987395e-06	5.291485244315433e-06	4.743068006109071e-06	3.86005002624834e-06	4.099940140873943e-06	4.554536014234443e-06	2.485237688132493e-06	6.028572418979754e-06	0.0	3.2077396341893722e-06	5.934375974933196e-06	5.074751083459356e-06	4.17062876399246e-06	3.4447281879811137e-06	4.345445538531066e-06	0.0	0.0	3.9785603340717545e-06	2.5624625880462144e-06	6.977782739756615e-06	7.762448379718275e-06	4.455119129885533e-06	3.564289808127151e-07	8.373339287707937e-06	5.66944847605225e-06	0.0	1.001148173934335e-06	6.204345143778765e-06	5.5185506078683494e-06	5.796241253471948e-06	4.918075786454964e-06	5.1834957495334856e-05	2.218264556568915e-06	3.991690896230407e-06	7.0455282032493975e-06	9.54854480177221e-06	3.8139433608607585e-06	0.0	5.328827406062461e-06	2.791113095902646e-06	3.446286183543294e-06	0.0	3.0749551056554573e-06	4.054130753825073e-06	1.0079019512981777e-06	3.359673170993926e-06	0.0	3.245895101944291e-06	0.0	5.258618876338319e-06	7.945504433591475e-06	0.0	2.7488235035404846e-06	2.3259275799188717e-06	5.948273810940065e-06	3.665098004720646e-06	0.0	3.023705853894533e-05	4.252086357039187e-06	4.123235255310727e-06	2.6467451771490607e-06	3.7978914106887857e-06	2.610851667455441e-06	3.564289808127151e-06	4.8487042645970245e-06	6.637403093914829e-06	0.0	7.354960185148864e-06	0.0	0.0	2.6293094381691594e-06	0.0	0.0	1.9560361318994286e-06	8.662075125215108e-06	5.838880269589443e-06	0.0	0.0	0.0	6.1499102113109145e-06	2.7488235035404846e-06	6.782143971352224e-06	2.9987165493168924e-06	7.404993927904979e-06	5.9685175108071325e-06	3.940070806654278e-06	7.342557216877112e-06	2.0889159612397465e-06	0.0	8.229467478640791e-06	0.0	3.7954466785287025e-06	4.331037562607554e-06	0.0	5.497647007080969e-06	1.1704667821527225e-05	5.38345255886267e-06	1.036699149906697e-05	1.013532688456268e-05	7.022800692916335e-06	9.590608875788828e-06	3.927953477319015e-06
0.0	0.0	0.0	0.0	0.0	0.0	0.0	0.0	0.0	0.0	0.0	0.0	0.0	0.0	0.0	0.0	0.0	0.0	0.0	0.0	0.0	0.0	0.0	0.0	0.0	0.0	0.0	0.0	0.0	0.0	0.0	0.0	0.0	0.0	0.0	0.0	0.0	0.0	0.0	0.0	0.0	0.0	0.0	0.0	0.0	0.0	0.0	0.0	0.0	0.0	0.0	0.0	0.0	0.0	0.0	0.0	0.0	0.0	0.0	0.0	0.0	0.0	0.0	0.0	0.0	0.0	0.0	0.0	0.0	0.0	0.0	0.0	0.0	0.0	0.0	0.0	0.0	0.0	0.0	0.0	0.0	0.0	0.0	0.0	0.0	0.0	0.0	0.0	0.0	0.0	0.0	0.0	0.0	0.0	0.0	0.0	0.0	0.0	0.0	0.0	0.0	0.0	0.0	0.0	0.0	0.0	0.0	0.0	0.0	0.0	0.0	0.0	0.0	0.0	0.0	0.0	0.0	0.0	0.0	0.0	0.0	0.0	0.0	0.0	0.0	0.0	0.0	0.0	0.0	0.0	0.0	0.0	0.0	0.0	0.0	0.0	0.0	0.0	0.0	0.0	0.0	0.0	0.0	0.0	0.0	0.0	0.0	0.0	0.0	0.0	0.0	0.0	0.0	0.0	0.0	0.0	0.0	0.0
0.0	1.354494143844569e-05	0.0	1.5295561228131597e-05	0.0	0.0	0.0	1.3420747132992894e-05	2.771503402020426e-05	0.0	0.0	1.9354713840555868e-05	0.0	0.0	0.0	0.0	0.0	7.011737648824131e-06	0.0	4.065833983866771e-06	2.177405307062535e-05	1.0877475033475429e-05	1.4529168668210996e-05	0.0	0.0	0.0	0.0	0.0	0.0	4.649742636745056e-06	5.87683908333064e-06	0.0	6.781622706681255e-06	7.183804830390368e-06	1.1801060089227815e-06	8.870910510254773e-06	6.4515712801852895e-06	0.0	0.0	2.570713912960768e-06	5.35418467011262e-06	8.516074089844582e-06	1.6970437497878696e-05	4.9127761164406545e-06	0.0	0.0	7.4111404262887975e-06	6.653182882691079e-06	0.0	0.0	0.0	0.0	0.0	4.167118104461317e-06	0.0	0.0	8.020275255846781e-06	0.0	3.061333823146745e-05	0.0	1.0177837352052412e-06	6.532553346463766e-06	0.0	4.863801401261184e-06	0.0	5.574104938099565e-06	5.471776576418832e-06	2.3395807939133464e-06	1.3459312498317585e-05	7.4111404262887975e-06	0.0	0.0	0.0	0.0	0.0	0.0	1.2846518786106747e-05	6.389960094699209e-06	0.0	9.007386056566384e-06	0.0	1.6263335935467083e-05	1.8462123568839258e-06	2.8266993056213155e-06	1.9788089351138657e-06	0.0	7.053977032250783e-06	0.0	2.0453453054211876e-06	2.576370049182904e-06	0.0	0.0	7.832509614405551e-06	0.0	7.816823680598331e-06	0.0	3.1776395857629037e-06	0.0	0.0	0.0	0.0	0.0	0.0	1.0475043209553239e-05	0.0	1.6970437497878696e-05	0.0	0.0	0.0	0.0	0.0	0.0	0.0	0.0	4.574063231850117e-06	4.0942663893483566e-06	3.105995191919443e-06	3.7712083328619324e-06	1.6440297470742436e-06	0.0	0.0	1.4280002284800366e-05	0.0	0.0	0.0	0.0	0.0	0.0	0.0	6.312453840181293e-06	0.0	5.383724999327035e-06	0.0	0.00011152001784320286	0.0	0.0	0.0	0.0	1.9354713840555868e-05	2.0483268583445422e-05	5.313489222251299e-06	5.77966528802384e-06	7.898551010817065e-06	2.6965116576940243e-06	0.0	6.438269071360165e-06	2.691862499663517e-05	0.0	3.105995191919443e-06	0.0	4.731152272135879e-05	1.2590969756490645e-05	0.0	0.0	1.3083354048643911e-05	0.0	1.0316829844525374e-05	3.169039749265575e-06
0.0	0.0	0.0	0.0	0.0	0.0	0.0	0.0	0.0	0.0	0.0	0.0	0.0	0.0	0.0	0.0	0.0	0.0	0.0	0.0	0.0	0.0	0.0	0.0	0.0	0.0	0.0	0.0	0.0	0.0	0.0	0.0	0.0	0.0	0.0	0.0	0.0	0.0	0.0	0.0	0.0	0.0	0.0	0.0	0.0	0.0	0.0	0.0	0.0	0.0	0.0	0.0	0.0	0.0	0.0	0.0	0.0	0.0	0.0	0.0	0.0	0.0	0.0	0.0	0.0	0.0	0.0	0.0	0.0	0.0	0.0	0.0	0.0	0.0	0.0	0.0	0.0	0.0	0.0	0.001282051282051282	0.0	0.0	0.0	0.0	0.0	0.0	0.0	0.0	0.0	0.0	0.0	0.0	0.0	0.0	0.0	0.0	0.0	0.0	0.0	0.0	0.0	0.0	0.0	0.0	0.0	0.0	0.0	0.0	0.0	0.0	0.0	0.0	0.0	0.0	0.0	0.0	0.0	0.0	5.85000585000585e-05	0.0	0.0	0.0	0.0	0.0	0.0	0.0	0.0	0.0	0.0	0.0	0.0	0.0	0.0	0.0	0.0	0.0	0.0	0.0	0.0	0.0	0.0	0.0	0.0	0.0	0.0	0.0	0.0	0.0	0.0	0.0	0.0	0.0	0.0	0.0	0.0	0.0	0.0	0.0
0.0	1.1600524343700335e-05	1.5021386699313147e-05	9.357026711192252e-06	0.0	1.3420747132992894e-05	0.0	0.0	1.0172767501398756e-05	0.0	0.0	9.472163678988373e-06	0.0	0.0	0.0	0.0	0.0	8.578830876928093e-06	7.744133818632386e-06	9.949060808659663e-06	2.9600511496838667e-05	1.4639398347345012e-05	1.444330502815889e-05	0.0	0.0	0.0	0.0	0.0	0.0	1.8963133771634565e-06	7.190287359834336e-06	0.0	1.9360334546580963e-05	5.0224881908746415e-06	2.1657819447422395e-06	0.0	0.0	0.0	0.0	3.145257423593834e-06	2.6203287726511044e-06	1.041938004688721e-05	0.0	7.813988602396009e-06	0.0	0.0	0.0	8.140140661630633e-06	0.0	0.0	0.0	0.0	8.73576071004263e-06	0.0	0.0	0.0	0.0	1.1938872970391595e-05	0.0	0.0	3.735762076784854e-06	0.0	9.812772304431448e-06	0.0	0.0	6.819893434293737e-06	6.694695123584072e-06	5.72493409169627e-06	0.0	0.0	0.0	0.0	0.0	0.0	0.0	0.0	1.1788245390403111e-05	7.818088711852614e-06	0.0	0.0	2.238538681948424e-05	0.0	0.0	5.187681676935394e-06	2.4210642272023514e-06	0.0	4.315255290502986e-06	0.0	2.5024711903004215e-06	3.152177681951576e-06	0.0	0.0	4.1070179353473235e-06	0.0	1.912770035309735e-06	0.0	7.775656751408366e-06	1.345225123424405e-05	0.0	0.0	7.95924864692773e-06	1.3265414411546216e-05	0.0	9.154407389437645e-06	0.0	0.0	0.0	0.0	0.0	0.0	0.0	0.0	0.0	0.0	5.59634670487106e-06	5.0093173302342355e-06	3.800171767763903e-06	6.921085779937156e-06	2.0114633295149054e-06	1.1258662133178715e-05	6.38158020689083e-06	0.0	0.0	0.0	0.0	0.0	5.190814334952867e-06	0.0	0.0	0.0	0.0	0.0	0.0	0.0	0.0	4.8564906998203096e-05	0.0	0.0	0.0	0.0	3.2505156130391184e-06	5.657116511143105e-06	0.0	1.6495852117984932e-06	0.0	7.877194537165588e-06	0.0	5.994413206891177e-06	7.600343535527806e-06	0.0	2.8942722352464474e-05	1.5404997381150445e-05	0.0	0.0	8.00371372316755e-06	3.697199371476107e-05	2.524519394620249e-05	0.0
0.0	1.368920708690251e-05	2.0163322915616494e-05	1.717608059017013e-05	0.0	2.771503402020426e-05	0.0	1.0172767501398756e-05	0.0	0.0	0.0	1.173651523301873e-05	0.0	0.0	0.0	0.0	0.0	8.858023597774865e-06	1.2793858947705101e-05	1.027284681130835e-05	3.667661010318353e-06	1.0993329797145581e-05	1.101293790767946e-05	0.0	0.0	0.0	0.0	0.0	0.0	1.566422174272299e-06	2.9697163178487375e-06	0.0	3.4269265038495807e-06	4.148753558852663e-06	2.385350370698356e-06	0.0	6.5202862405659604e-06	3.501277966457757e-06	3.490949712869386e-06	2.59809429783254e-06	5.411211489084234e-07	8.606777837547068e-06	8.575593859874796e-06	4.716846465406276e-06	4.696158542312388e-06	6.574621959237344e-05	1.4980151299528125e-05	6.7240451855836474e-06	0.0	7.350509022749826e-06	1.525041176111755e-05	0.0	0.0	0.0	0.0	0.0	4.052849152954527e-06	7.396449704142012e-06	1.160227404571296e-05	0.0	1.0286240353435219e-06	6.602130837727876e-06	1.621139661181811e-05	4.915605203168108e-06	0.0	1.6095640294630696e-06	5.530055853564121e-06	3.5467491088792864e-06	0.0	3.745037824882031e-06	0.0	0.0	0.0	1.038098204090107e-05	1.1700598402032561e-05	0.0	7.140840087377916e-06	9.687028261904954e-06	0.0	4.551661356395084e-06	1.849112426035503e-05	1.643655489809336e-05	0.0	6.665881044972081e-06	4.4997412648772695e-06	7.561865512221865e-06	1.7822770371426534e-06	0.0	5.167825120797912e-06	3.905716015388521e-06	1.148963060837594e-05	0.0	4.523390167846046e-06	0.0	5.530055853564121e-06	0.0	4.014355334676804e-06	0.0	3.3430281148664462e-06	1.9834055072559584e-05	3.287310979618672e-06	5.478851632697787e-06	0.0	7.561865512221865e-06	0.0	0.0	0.0	0.0	0.0	7.5861022606584735e-06	0.0	0.0	0.0	0.0	7.704635108481262e-07	8.275747920718335e-06	7.847691993784627e-07	8.575593859874796e-06	3.1153877307723463e-06	6.975040978365748e-06	0.0	1.4432096983691731e-05	0.0	7.996161842315688e-06	0.0	0.0	4.287796929937398e-06	0.0	0.0	3.1898435381744525e-06	0.0	5.441066449024008e-06	2.3668639053254438e-05	0.0	7.635044855888529e-06	0.0	2.9884645269260655e-06	0.0	0.0	3.4502389290458364e-06	7.383863573051583e-06	3.504734311933036e-06	1.1974016384445752e-05	2.725231900202008e-06	0.0	1.220032940889404e-05	1.3602666122560023e-05	0.0	3.139076797513851e-06	0.0	0.0	2.120845793302369e-06	1.0535002545958949e-05	0.0	9.917027536279792e-06	7.635044855888529e-06	1.0426713239319136e-05	3.202792835352427e-06
0.0	0.0	0.0	0.0	0.0	0.0	0.0	0.0	0.0	0.0	0.0	0.0	0.0	0.0	0.0	0.0	0.0	0.0	0.0	0.0	0.00025826446280991736	0.0	0.0	0.0	0.0	0.0	0.0	0.0	0.0	0.0	0.0	0.0	0.0	0.0	0.0	0.0	0.0	0.0	0.0	0.0	0.0	0.0	0.0	0.0	0.0	0.0	0.0	0.0	0.0	0.0	0.0	0.0	0.0	0.0	0.0	0.0	0.0	0.0	0.0	0.0	0.0	0.0	0.0	0.0	0.0	0.0	0.0	0.0	0.0	0.0	0.0	0.0	0.0	0.0	0.0	0.0	0.0	0.0	0.0	0.0	0.0	0.0	0.0	0.0	0.0	0.0	0.0	0.0	0.0	0.0	0.0	0.0	0.0	0.0	0.0	0.0	0.0	0.0	0.0	0.0	0.0	0.0	0.0	0.0	0.0	0.0	0.0	0.0	0.0	0.0	0.0	0.0	0.0	0.0	0.0	0.0	0.0	0.0	0.0	0.0	0.0	0.0	0.0	0.0	0.0	0.0	0.0	0.0	0.0	0.0	0.0	0.0	0.0	0.0	0.0	0.0	0.0	0.0	0.0	0.0	0.0	0.00012339585389930897	0.0	0.0	0.0	0.0	0.0	0.0	0.0	0.0	0.0	0.0	0.0	0.0	0.0006983240223463687	0.0	0.0	0.0
0.0	0.0	0.0	0.0	0.0	0.0	0.0	0.0	0.0	0.0	0.0	0.0	0.0	0.0	0.0	0.0	0.0	0.0	0.0	0.0	0.0	0.0	0.0	0.0	0.0	0.0	0.0	0.0	0.0	0.0	0.0	0.0	0.0	0.0	0.0	0.0	0.0	0.0	0.0	0.0	0.0	0.0	0.0	0.0	0.0	0.0	0.0	0.0	0.0	0.0	0.0	0.0	0.0	0.0	0.0	0.0	0.0	0.0	0.0	0.0	0.0	0.0	0.0	0.0	0.0	0.0	0.0	0.0	0.0	0.0	0.0	0.0	0.0	0.0	0.0	0.0	0.0	0.0	0.0	0.0	0.0	0.0	0.0	0.0	0.0	0.0	0.0	0.0	0.0	0.0	0.0	0.0	0.0	0.0	0.0	0.0	0.0	0.0	0.0	0.0	0.0	0.0	0.0	0.0	0.0	0.0	0.0	0.0	0.0	0.0	0.0	0.0	0.0	0.0	0.0	0.0	0.0	0.0	8.775008775008775e-05	0.0	0.0	0.0	0.0	0.0	0.0	0.0	0.0	0.0	0.0	0.0	0.0	0.0	0.0	0.0	0.0	0.0	0.0	0.0	0.0	0.0	0.0	0.0	0.0	0.0	0.0	0.0	0.0	0.0	0.0	0.0	0.0	0.0	0.0	0.0	0.0	0.0	0.0	0.0
0.0	1.8163654527290892e-05	1.2997844524116417e-05	1.7392555986037976e-05	0.0	1.9354713840555868e-05	0.0	9.472163678988373e-06	1.173651523301873e-05	0.0	0.0	0.0	0.0	0.0	0.0	0.0	0.0	9.89756025139803e-06	8.934554389099844e-06	1.721763085399449e-05	1.0245201830476061e-05	1.9960616168866813e-05	1.4099897775741125e-05	0.0	0.0	0.0	7.984988222142372e-06	0.0	0.0	6.563438366578972e-06	8.295571201924572e-06	0.0	6.3818245636427454e-06	3.621587559122417e-06	2.0822531645042466e-06	0.0	0.0	0.0	0.0	0.0	3.0231231129098696e-06	0.0	0.0	5.20104645054585e-06	0.0	0.0	1.046134532900931e-05	4.6957175056348614e-06	0.0	0.0	1.2780097128738178e-05	1.3329778725673154e-05	1.0078613182826044e-05	0.0	0.0	0.0	5.660590965696819e-06	6.887052341597796e-06	5.401609679684546e-06	0.0	3.591683098616843e-06	2.305289486727296e-06	0.0	6.865597349879423e-06	0.0	2.8100859605295327e-06	7.723797018614351e-06	1.6512413206628083e-06	0.0	5.230672664504655e-06	0.0	2.066115702479339e-05	0.0	7.2495287806292595e-06	2.334594014100948e-06	0.0	1.1786946410194802e-05	4.509938777581094e-06	0.0	0.0	0.0	0.0	6.51514608586311e-07	3.657577586364551e-06	3.491534773940581e-06	0.0	4.978592054167082e-06	0.0	2.8871485798837925e-06	3.636727309094546e-06	0.0	0.0	3.1588964395288508e-06	0.0	5.516997870438822e-06	0.0	1.0092288370319701e-05	7.760058976448222e-06	9.338376056403791e-06	9.234036659125537e-06	0.0	0.0	0.0	0.0	0.0	1.1977482333213558e-05	0.0	0.0	1.252191334835963e-05	0.0	0.0	0.0	0.0	0.0	6.456611570247934e-06	2.8896723111599144e-06	3.2882478023543856e-06	3.992494111071186e-06	2.900829347110339e-06	6.4946662553378034e-06	3.681275193727107e-06	2.0157226365652087e-05	0.0	0.0	0.0	0.0	2.9943705833033896e-06	0.0	0.0	8.910472032255908e-06	4.38433040313918e-06	1.8998765080269783e-06	3.305785123966942e-05	0.0	2.1327645961077045e-05	0.0	4.173971116119876e-06	0.0	0.0	0.0	5.625272474135466e-06	4.8950421381544055e-06	5.574679804328739e-06	1.9031578146038815e-06	0.0	1.1360086336656159e-05	0.0	0.0	4.38433040313918e-06	0.0	8.347942232239753e-06	1.777303830089754e-05	4.904725703215048e-06	0.0	4.617018329562769e-06	1.0663822980538523e-05	0.0	2.2366611122915713e-06
0.0	0.0	0.0	0.0	0.0	0.0	0.0	0.0	0.0	0.0	0.0	0.0	0.0	0.0	0.0	0.0	0.0	0.0	0.0	0.0	0.0	0.0	0.0	0.0	0.0	0.0	0.0	0.0	0.0	0.0	0.0	0.0	0.0	0.0	0.0	0.0	0.0	0.0	0.0	0.0	0.0	0.0	0.0	0.0	0.0	0.0	0.0	0.0	0.0	0.0	0.0	0.0	0.0	0.0	0.0	0.0	0.0	0.0	0.0	0.0	0.0	0.0	0.0	0.0	0.0	0.0	0.0	0.0	0.0	0.0	0.0	0.0	0.0	0.0	0.0	0.0	0.0	0.0	0.0	0.0	0.0	0.0	0.0	0.0	0.0	0.0	0.0	0.0	0.0	0.0	0.0	0.0	0.0	0.0	0.0	0.0	0.0	0.0	0.0	0.0	0.0	0.0	0.0	0.0	0.0	0.0	0.0	0.0	0.0	0.0	0.0	0.0	0.0	0.0	0.0	0.0	0.0	0.0	0.0	0.0	0.0	0.0	0.0	0.0	0.0	0.0	0.0	0.0	0.0	0.0	0.0	0.0	0.0	0.0	0.0	0.0	0.0	0.0	0.0	0.0	0.0	0.0	0.0	0.0	0.0	0.0	0.0	0.0	0.0	0.0	0.0	0.0	0.0	0.0	0.0	0.0	0.0	0.0
0.0	0.0	0.0	0.0	0.0	0.0	0.0	0.0	0.0	0.0	0.0	0.0	0.0	0.0	0.0	0.0	0.0	0.0	0.0	0.0	0.0	0.0	0.0	0.0	0.0	0.0	0.0	0.0	0.0	0.0	0.0	0.0	0.0	0.0	0.0	0.0	0.0	0.0	0.0	0.0	0.0	0.0	0.0	0.0	0.0	0.0	0.0	0.0	0.0	0.0	0.0	0.0	0.0	0.0	0.0	0.0	0.0	0.0	0.0	0.0	0.0	0.0	0.0	0.0	0.0	0.0	0.0	0.0	0.0	0.0	0.0	0.0	0.0	0.0	0.0	0.0	0.0	0.0	0.0	0.0	0.0	0.0	0.0	0.0	0.0	0.0	0.0	0.0	0.0	0.0	0.0	0.0	0.0	0.0	0.0	0.0	0.0	0.0	0.0	0.0	0.0	0.0	0.0	0.0	0.0	0.0	0.0	0.0	0.0	0.0	0.0	0.0	0.0	0.0	0.0	0.0	0.0	0.0	0.0	0.0	0.0	0.0	0.0	0.0	0.0	0.0	0.0	0.0	0.0	0.0	0.0	0.0	0.0	0.0	0.0	0.0	0.0	0.0	0.0	0.0	0.0	0.0	0.0	0.0	0.0	0.0	0.0	0.0	0.0	0.0	0.0	0.0	0.0	0.0	0.0	0.0	0.0	0.0
0.0	0.0	0.0	0.0	0.0	0.0	0.0	0.0	0.0	0.0	0.0	0.0	0.0	0.0	0.0	0.0	0.0	0.0	0.0	0.0	0.0003443526170798898	0.0	0.00012924906294429367	0.0	0.0	0.0	0.0	0.0	0.0	0.0	0.0	0.0	0.0	0.0	0.0	0.0	0.0	0.0	0.0	0.0	0.0	0.0	0.0	0.0	0.0	0.0	0.0	0.0	0.0	0.0	0.0	0.0	0.0	0.0	0.0	0.0	0.0	0.0	0.0	0.0	0.0	0.0	0.0	0.0	0.0	0.0	0.0	0.0	0.0	0.0	0.0	0.0	0.0	0.0	0.0	0.0	0.0	0.0	0.0	0.0	0.0	0.0	0.0	0.0	0.0	0.0	0.0	0.0	0.0	0.0	0.0	0.0	0.0	0.0	0.0	0.0	0.0	0.0	0.0	0.0	0.0	0.0	0.0	0.0	0.0	0.0	0.0	0.0	0.0	0.0	0.0	0.0	0.0	0.0	0.0	0.0	0.0	0.0	0.0	0.0	0.0	0.0	0.0	0.0	0.0	0.0	0.0	0.0	0.0	0.0	0.0	0.0	0.0	0.0	0.0	0.0	0.0	0.0	0.0	0.0	0.0	0.0	0.0	0.0	0.0	0.0	0.0	0.0	0.0	0.0	0.0	0.0	0.0	0.0	0.0	0.0	0.0	0.0
0.0	0.0001156737998843262	0.0	0.0	0.0	0.0	0.0	0.0	0.0	0.0	0.0	0.0	0.0	0.0	0.0	0.0	0.0	0.0	0.0	0.0	0.0	0.0	0.0	0.0	0.0	0.0	0.0	0.0	0.0	0.0	0.0	0.0	0.0	0.0	0.0	0.0	0.0	0.0	0.0	0.0	0.0	0.0	0.0	4.195510803440319e-05	0.0	0.0	0.0	0.0002840909090909091	0.0	0.0	0.0	0.0	0.0	0.0	0.0	0.0	0.0	0.0	0.0	0.0	8.69187309865276e-05	0.0	0.0	0.0	0.0	0.0	0.0	0.0	0.0	0.0	0.0	0.0	0.0	0.0	0.0	0.0	0.0	0.0	0.0	0.0	0.0	0.0	0.0	0.0	0.0	0.0	0.0	0.0	0.0	0.0	0.0	0.0	0.0	0.0	0.0	0.0	0.0	0.0	0.0	0.0	0.0	0.0	0.0	0.0	0.0	0.0	0.0	0.0	0.0	0.0	0.0	0.0	0.0	0.0	0.0	0.0	0.0	0.0	0.0	0.0	0.0	0.0	0.0	0.0	0.0	0.0	0.0	0.0	0.0	0.0	0.0	0.0	0.0	0.0	0.0	0.0	0.0	0.0	0.0	0.0	0.0	0.0	0.0	0.0	0.0	0.0	0.0	0.0	0.0	0.0	0.0	0.0	0.0	0.0	0.0	0.0	0.0	0.0
0.0	0.0	0.0	0.0	0.0	0.0	0.0	0.0	0.0	0.0	0.0	0.0	0.0	0.0	0.0	0.0	0.0	0.0	0.0	0.0	0.0	0.0	0.0	0.0	0.0	0.0	0.0	0.0	0.0	0.0	0.0	0.0	0.0	7.303534910896874e-05	0.0	0.0	0.0	0.0	0.0	0.0	7.620789513793629e-05	0.0	0.0	0.0	0.0	0.0	0.0	0.0	0.0	0.0	0.0	0.0	0.0	0.0	0.0	0.0	0.0	0.0	0.0	0.0	0.0	0.0	0.0	0.0	0.0	5.667006687067891e-05	0.0	0.0	0.0	0.0	0.0	0.0	0.0	0.0	0.0	0.0	0.0	0.0	0.0	0.0	0.0	0.0	0.0	0.0	0.0	0.0	0.0	0.0	0.0	0.0	0.0	0.0	0.0	0.0	0.0	0.0	0.0	0.0	0.0	0.0	0.0	0.0	0.0	0.0	0.0	0.0	0.0	0.0	0.0	0.0	0.0	0.0	0.0	0.0	0.0	0.0	0.0	0.0	0.0	0.0	0.0003711952487008166	0.0	0.0	0.0	0.0	0.0	0.0	0.0	0.0	0.0	0.0	0.0	0.0	0.0	0.0	0.0	0.0	0.0	0.0	0.0	0.0	0.0	0.0	0.0	0.0	0.0	0.0	0.0003486750348675035	0.0	0.0	0.0	0.0	0.0	0.0	0.0	0.0	0.0	0.0
0.0	1.1255684120480842e-05	1.7657999858736e-05	1.357951730790958e-05	0.0	7.011737648824131e-06	0.0	8.578830876928093e-06	8.858023597774865e-06	0.0	0.0	9.89756025139803e-06	0.0	0.0	0.0	0.0	0.0	0.0	8.09192425958893e-06	2.59896872920825e-05	1.391844410352848e-05	8.34373983106708e-06	1.2770116997490092e-05	0.0	0.0	0.0	7.231912985622957e-06	5.544466622310933e-06	0.0	4.953692878967413e-06	5.634903342624663e-06	0.0	2.8899729498531895e-06	3.2800306486063804e-06	5.280444402200889e-06	0.0	0.0	8.858023597774865e-06	0.0	4.929767249255605e-06	1.3690041042743046e-06	0.0	2.1695738956868872e-05	4.710528596677005e-06	0.0	0.0	4.737360721594785e-06	0.0	0.0	4.649086919329044e-06	3.858262855731835e-06	0.0	9.128085292828975e-06	0.0	0.0	0.0	1.5380198507095397e-05	0.0	4.892176431450824e-06	0.0	3.2529465189568713e-06	2.087874460284452e-06	5.126732835698466e-06	3.109046704099589e-06	0.0	1.0689264110337638e-05	3.4976775421120375e-06	1.4955104775464056e-06	0.0	0.0	1.3446161569077414e-05	0.0	0.0	0.0	0.0	0.0	7.390594565120992e-06	4.084600240174494e-06	0.0	0.0	1.1695359281437126e-05	0.0	1.1801387371099347e-06	3.0114785516474594e-06	9.486729962128975e-06	4.782766734900805e-06	0.0	0.0	5.229715242005073e-06	3.2937425479074855e-06	0.0	0.0	5.006708990046663e-06	0.0	0.0	0.0	7.109255031321346e-06	0.0	0.0	0.0	4.1583499667332e-06	6.930583277888667e-06	0.0	7.65242677584129e-06	0.0	0.0	1.0927051007474104e-05	0.0	0.0	0.0	0.0	0.0	0.0	0.000124750499001996	1.9492265469061875e-06	5.23428667141242e-06	3.970838164519767e-06	4.821275323748638e-06	3.678147390722241e-06	2.9410726680234815e-06	1.3336356240747903e-05	0.0	0.0	0.0	0.0	0.0	5.423934739217218e-06	0.0	0.0	0.0	1.19125144935593e-05	5.162089613875697e-06	0.0	0.0	0.0	0.0	3.7803181515756367e-06	0.0	0.0	4.3644489446762455e-06	4.245621066432082e-06	3.6944866436918856e-06	5.048924074279771e-06	3.4473367599860726e-06	0.0	4.115480379447291e-06	1.7206965379585656e-05	9.395435071280034e-06	0.0	0.0	3.780318151575637e-05	1.6096838580902712e-05	2.6652925602800333e-05	8.55431993156544e-06	2.927106680493761e-05	9.658103148541627e-06	3.2973700176739034e-05	4.051437044719762e-06
0.0	9.3789567473778e-06	0.0	1.1767936296238182e-05	0.0	0.0	0.0	7.744133818632386e-06	1.2793858947705101e-05	0.0	0.0	8.934554389099844e-06	0.0	0.0	0.0	0.0	0.0	8.09192425958893e-06	0.0	3.2845345345345346e-05	1.1168192986374804e-05	6.276597080127039e-06	8.38372300179202e-06	0.0	0.0	0.0	0.0	1.001001001001001e-05	0.0	3.5773695601624126e-06	0.0	0.0	7.826359177710529e-06	0.0	4.7666714333381e-06	0.0	0.0	0.0	0.0	2.9667428130655355e-06	0.0	0.0	0.0	3.968726435686788e-06	0.0	0.0	0.0	1.1517199017199017e-05	0.0	0.0	0.0	0.0	8.239947264337508e-06	0.0	0.0	0.0	9.255831173639393e-06	1.1261261261261261e-05	0.0	2.875215641173088e-05	1.0571197011874978e-05	3.769459836405443e-06	0.0	5.6130897252392576e-06	0.0	4.594870286811803e-06	0.0	2.7000027000027e-06	0.0	0.0	1.618384851917786e-05	0.0	0.0	0.0	0.0	0.0	5.930230834235223e-06	7.374359352531249e-06	0.0	1.0395010395010395e-05	0.0	1.8768768768768768e-05	0.0	5.9806336209474415e-06	1.027643613194944e-05	0.0	1.2211006186909802e-05	0.0	0.0	5.946540600005947e-06	0.0	0.0	2.5826112782634523e-06	0.0	1.0825244470104283e-05	2.079002079002079e-05	3.667167846272324e-06	0.0	0.0	0.0	2.2522522522522523e-05	0.0	0.0	1.0361799499179691e-05	0.0	0.0	3.9455513908068655e-05	0.0	0.0	0.0	0.0	2.73000273000273e-05	0.0	0.0	1.759572072072072e-06	9.45000945000945e-06	0.0	6.528267397832616e-06	4.74324798649123e-06	1.0619656985079383e-05	0.0	1.6479894528675016e-05	0.0	1.8261504747991233e-05	0.0	0.0	1.4688601645123384e-05	0.0	0.0	2.1854738835870913e-05	2.1506918058642197e-05	9.319664492078285e-06	0.0	0.0001287001287001287	1.7436791630340016e-05	0.0	6.825006825006825e-06	2.5258903763576662e-05	1.1168192986374804e-05	7.87959971633441e-06	6.132053778111634e-06	6.670046156719404e-06	0.0	9.335760631097419e-06	0.0	1.857527630723507e-06	0.0	1.1308379509216329e-05	1.0753459029321098e-05	0.0	0.0	2.906131938390003e-05	8.019889325527307e-06	1.5444015444015444e-05	2.2648346670693038e-05	3.487358326068003e-05	3.5718537921181095e-05	1.097172951029514e-05
0.0	8.032902769744875e-06	6.8261249453910005e-06	9.449080793420416e-06	0.0	4.065833983866771e-06	0.0	9.949060808659663e-06	1.027284681130835e-05	0.0	0.0	1.721763085399449e-05	0.0	0.0	0.0	0.0	0.0	2.59896872920825e-05	3.2845345345345346e-05	0.0	8.967516069788797e-06	8.870052123651752e-06	1.0097583042522941e-05	0.0	0.0	0.0	8.387010198604401e-06	6.430041152263374e-06	0.0	2.2979630855209944e-06	2.178307542172034e-06	0.0	3.3515658515658516e-06	7.607848865517577e-07	2.624506592760561e-06	6.576178451178451e-06	9.565350474441383e-06	0.0	0.0	9.528601048908404e-06	2.381496723060509e-06	0.0	1.2580515297906602e-05	6.555485630375498e-06	0.0	0.0	0.0	2.4660669191919194e-06	0.0	1.6174948240165633e-05	0.0	0.0	0.0	0.0	0.0	0.0	0.0	0.0	5.67356572258533e-06	0.0	3.0180114925877637e-06	4.842708817604215e-06	5.94558599695586e-06	0.0	0.0	1.0035324341682723e-05	0.0	1.7343767343767344e-06	0.0	1.0988045007032349e-05	5.1979374584165005e-06	0.0	0.0	3.807261208576998e-06	0.0	0.0	7.142530627171329e-06	4.737001667424587e-06	0.0	6.677350427350427e-06	0.0	1.2056327160493826e-05	6.843165593658301e-07	5.5879657569458414e-06	9.535042012862039e-06	1.1093361732339368e-05	2.6146251673360106e-06	0.0	1.0613779718583212e-05	5.72973964063073e-06	5.618482560230133e-06	0.0	4.147422625683495e-06	0.0	5.794763388221332e-06	0.0	7.066938037087291e-06	8.15075639019301e-06	4.9042686754551165e-06	0.0	1.4467592592592593e-05	8.037551440329219e-06	0.0	1.1093361732339369e-06	0.0	0.0	1.2672343876723439e-05	0.0	0.0	0.0	5.692167577413479e-05	0.0	0.0	0.0	2.2605613425925925e-06	4.552738927738928e-06	5.756336575302092e-06	8.387010198604401e-06	6.093756093756094e-06	1.3643309321108928e-05	7.73323434793368e-06	1.0586043360433604e-05	0.0	0.0	0.0	0.0	1.8870772946859902e-05	0.0	0.0	1.8718179095537587e-05	9.210138520483348e-06	9.977650063856961e-06	0.0	0.0	0.0	0.0	8.768237934904602e-06	0.0	2.1522038567493114e-05	5.061548428895368e-06	8.862733976176972e-06	4.284578260392673e-06	2.927674723627506e-06	5.996929572059105e-06	0.0	3.579610538373425e-06	0.0	1.4528126452812645e-05	6.907603890362511e-06	0.0	8.768237934904602e-06	9.333930704898446e-06	0.0	9.92063492063492e-06	1.4548417132216015e-05	1.1200716845878136e-05	1.529613313754283e-05	1.6444895504435424e-05
0.0	1.0754795443790658e-05	5.415768551715174e-06	1.0495507922609124e-05	0.0	2.177405307062535e-05	0.0	2.9600511496838667e-05	3.667661010318353e-06	0.00025826446280991736	0.0	1.0245201830476061e-05	0.0	0.0	0.0003443526170798898	0.0	0.0	1.391844410352848e-05	1.1168192986374804e-05	8.967516069788797e-06	0.0	6.237692552770879e-06	1.001413194299796e-05	0.0	0.0	0.0	1.4971852916516949e-05	0.0	0.0	2.0510744895559287e-06	2.592366000601429e-06	0.0	1.1965921056830148e-05	1.8107937795612085e-06	3.643943037882432e-06	0.0	0.0	3.056384175265294e-06	0.0	4.535929094356397e-06	1.8894519455686684e-06	0.0	0.0	4.767625913000363e-06	0.0	0.0	3.2691704153154096e-06	1.4674117205108941e-06	1.0029687876113295e-05	9.624762589189466e-06	2.662520235153787e-06	0.0	3.1495666196331385e-06	5.514543689891474e-06	0.0	0.0	7.075738707121024e-06	2.152203856749311e-06	1.0128018149408524e-05	0.0	4.040643485943948e-06	0.0	1.0613608060681535e-05	1.0727495859186599e-06	0.0	1.6509255018111003e-05	0.0	0.0	1.1874228175168615e-05	1.3076681661261638e-05	6.185975157123769e-06	1.2913223140495867e-05	0.0	0.0	2.9182425176261846e-06	0.0	6.800161390497001e-06	4.228067603982276e-06	0.0	0.0	0.0	0.0	1.6287865214657776e-06	4.156338166323353e-06	1.0474604321821743e-05	1.3202017268238587e-05	4.6674300507816386e-06	0.0	8.120105380923165e-06	9.091818272736365e-06	3.343229292037765e-06	1.359286646367986e-05	2.9614654120582973e-06	0.0	1.3792494676097056e-06	0.0	4.905973513349855e-06	4.850036860280138e-06	5.836485035252369e-06	1.1542545823906921e-05	5.73921028466483e-06	0.0	0.0	3.960605180471576e-06	0.0	0.0	0.0	0.0	0.0	6.622165713074804e-06	0.0	0.0	0.0	0.0	4.707945936639119e-06	9.933248569612206e-06	6.165464629414473e-06	8.317696064731638e-07	5.439055025831885e-06	2.029583204793064e-06	2.300796996079442e-06	6.299133239266277e-06	0.0	0.0	0.0	0.0	5.614444843693856e-06	0.0	0.0	2.7845225100799717e-06	2.740206501961988e-06	5.937114087584307e-06	0.0	0.0	0.0	0.0	5.217463895149846e-06	0.0	0.0	3.0118304700864997e-06	8.203522358114221e-06	3.569301559070921e-06	8.710437194263654e-06	2.9736840853185646e-06	0.0	2.8400215841640396e-06	1.1874228175168615e-05	4.322417787613679e-06	0.0	0.0	3.130478337089907e-05	2.7770372345152405e-05	2.452362851607524e-05	1.7709563164108618e-05	1.1542545823906921e-05	3.332444681418288e-05	2.2754578221138094e-05	1.5377045147004552e-05
0.0	1.0745359952097186e-05	1.5218485711972504e-05	1.297679614026265e-05	0.0	1.0877475033475429e-05	0.0	1.4639398347345012e-05	1.0993329797145581e-05	0.0	0.0	1.9960616168866813e-05	0.0	0.0	0.0	0.0	0.0	8.34373983106708e-06	6.276597080127039e-06	8.870052123651752e-06	6.237692552770879e-06	0.0	3.0616359545559575e-06	0.0	0.0	0.0	2.2438076518328544e-06	3.44050506614371e-06	0.0	3.0739125342779673e-06	4.079394338150321e-06	0.0	4.931611991528387e-06	1.6282846062380398e-06	5.149055201031403e-06	0.0	1.2795266774914624e-06	2.7483324492863953e-06	4.110337910879654e-06	8.157509267695294e-06	1.911391703413172e-06	0.0	0.0	6.23578010729634e-06	0.0	0.0	1.4698360250930407e-06	1.3195118861630705e-06	0.0	7.212238880891317e-06	2.3941658965433033e-06	3.7457111607209743e-06	5.664246145480498e-06	4.958735059744493e-06	0.0	0.0	3.1812889310232935e-06	5.80585229911751e-06	3.0357397642444497e-06	4.941150892865966e-06	8.679761803113531e-06	1.295587681811439e-06	3.1812889310232935e-06	4.823137943192117e-07	0.0	1.073914876137343e-05	2.1704120744364523e-06	5.568050156995814e-06	5.338714757809205e-06	4.4095080752791216e-06	8.34373983106708e-06	0.0	0.0	1.0185705787925457e-06	1.31205701674972e-06	0.0	8.662599151727717e-06	3.8019223786854094e-06	0.0	1.786416092036157e-06	0.0	0.0	1.0984663396044166e-06	5.5126982200431805e-06	5.886795740550074e-06	4.451771730952724e-06	2.798001108008439e-06	0.0	4.867788827207695e-06	5.620627088254576e-06	1.5031332813249218e-06	0.0	7.545111444624763e-06	0.0	8.371589429969174e-06	3.572832184072314e-06	7.877682902466093e-06	2.1806018024854497e-06	1.4432627184246919e-05	0.0	6.450946999019456e-06	0.0	0.0	4.154986948889209e-06	0.0	3.3657114777492814e-06	1.356111485925258e-05	0.0	0.0	1.1909440613574381e-05	0.0	0.0	0.0	0.0	6.652539092738814e-06	6.090054859214172e-06	9.856088783647763e-06	1.084507031719213e-05	4.972369115425316e-06	1.0950134002264853e-05	8.275602386269948e-06	2.832123072740249e-06	3.572832184072314e-05	6.276597080127039e-06	0.0	0.0	7.572850824935884e-06	0.0	0.0	1.0015486445917e-05	3.6960332938679113e-06	6.940329185151967e-06	0.0	0.0	8.989706785730338e-06	0.0	1.0556095089304564e-05	1.3022472446618716e-05	3.838580032474387e-06	9.478942529171445e-06	3.6883463272896267e-06	3.897314475222021e-06	5.48276102446173e-06	5.882728869572146e-06	0.0	6.065220271243035e-06	5.338714757809205e-06	5.830144568151475e-06	8.624077685691793e-06	0.0	1.1728994543671739e-05	2.330664722226384e-05	1.2404194823040379e-05	1.0616415632672019e-05	1.5568765941767626e-05	1.7979413571460676e-05	1.0230576738533057e-05	1.0684653757509897e-05
0.0	1.9734963919776474e-05	1.8294755960660178e-05	1.1958821135992338e-05	0.0	1.4529168668210996e-05	0.0	1.444330502815889e-05	1.101293790767946e-05	0.0	0.0	1.4099897775741125e-05	0.0	0.0	0.00012924906294429367	0.0	0.0	1.2770116997490092e-05	8.38372300179202e-06	1.0097583042522941e-05	1.001413194299796e-05	3.0616359545559575e-06	0.0	0.0	0.0	1.1749914813117605e-05	3.7463496505592365e-06	2.872201398762081e-06	0.0	3.8492440982747944e-06	4.86508392513025e-06	6.924056943444303e-06	7.485466965885733e-06	3.058479140662514e-06	6.447799058445489e-06	5.874957406558802e-06	2.1363481478395647e-06	3.441543096149831e-06	2.287594034412277e-06	7.235677508407219e-06	1.2410746784774425e-06	0.0	0.0	4.555033055305503e-06	1.5386793207654007e-06	0.0	4.908192263707354e-06	1.1015545137297754e-06	3.764535813911466e-06	2.4083676325023663e-06	4.996742124135064e-06	3.126993458329685e-06	3.546468190544643e-06	2.7597664685614305e-06	0.0	0.0	1.3279013316194554e-06	5.654646503812847e-06	2.5342953518488954e-06	4.124970093966819e-06	4.886861571557387e-06	2.1631642333772994e-06	2.655802663238911e-06	8.052901118024527e-07	0.0	8.965252920991467e-06	1.8119027515555186e-06	3.0988786320310167e-06	2.2284321197292008e-06	6.135240329634192e-06	3.4827591811336614e-06	0.0	0.0	0.0	3.2859931257023812e-06	7.456676708324634e-06	8.188846280891891e-06	2.1159464602067175e-06	0.0	4.474006024994781e-06	0.0	0.0	6.113475582702104e-07	6.552155272975659e-06	4.095344199755819e-06	0.0	1.7518698290642212e-06	0.0	2.7091506643345395e-06	5.545339334243622e-06	3.764535813911466e-06	0.0	5.743030508274873e-06	0.0	6.212238005333206e-06	0.0	5.524213680794098e-06	3.6408186744871453e-06	5.4766552095039686e-06	4.332370824948391e-06	4.308302098143122e-06	3.5902517484526015e-06	0.0	6.194044550046021e-06	0.0	2.809762237919427e-06	5.660542902669795e-06	0.0	0.0	4.9711178055497556e-06	0.0	3.916638271039202e-06	0.0	3.2312265736073417e-05	7.320747705829132e-06	7.795616558703026e-06	6.428169576141926e-06	6.243916084265394e-06	5.307876575809884e-06	2.285346888995369e-06	4.317897425755913e-06	2.3643121270297618e-06	0.0	7.859740314180019e-06	0.0	0.0	2.809762237919427e-06	0.0	0.0	1.045140670708574e-06	3.0855213965481244e-06	6.685296359187603e-06	0.0	0.0	1.250797383331874e-05	0.0	5.874957406558802e-06	3.6238055031110372e-06	4.80678333263902e-06	3.3913748294421075e-06	4.398720236334441e-06	4.401868382604276e-06	4.577116900219506e-06	5.1342460236938755e-06	0.0	6.6623228321800855e-06	8.913728478916803e-06	4.867119525098924e-06	5.656789227004895e-06	0.0	1.5666553084156808e-05	1.7372185879609362e-05	1.8409362081086335e-05	1.7725585775217415e-05	1.841257600603066e-05	1.5009568599982488e-05	1.0248824374437382e-05	1.4691368453749211e-05
0.0	3.85579332947754e-05	8.737439930100481e-05	0.0	0.0	0.0	0.0	0.0	0.0	0.0	0.0	0.0	0.0	0.0	0.0	0.0	0.0	0.0	0.0	0.0	0.0	0.0	0.0	0.0	0.0	0.0	0.0	0.0	0.0	0.0	0.0	0.0	0.0	0.0	0.0	0.0	0.0	0.0	0.0	0.0	0.0	0.0	0.0	0.0	0.0	0.0	0.0	0.0	0.0	0.0	0.0	0.0	0.0	0.0	0.0	0.0	0.0	0.0	0.00021786492374727668	0.0	0.0	0.0	0.0	0.0	0.0	2.2668026748271564e-05	0.0	0.0	0.0	0.0	0.0	0.0	0.0	0.0	0.0	0.0	0.0	0.0	0.0	0.0	0.0	0.0	0.0	4.0233353450010056e-05	0.0	0.0	0.0	0.0	5.8224163027656476e-05	0.0	0.0	0.0	3.1852205765249246e-05	0.0	0.0	0.0	0.0	0.0	0.0	0.0	0.0	0.0	0.0	0.0	0.0	0.0	0.0	0.0	0.0	0.0	0.0	0.0	0.0	0.0	0.0	0.0	0.0	0.0	0.0	0.0	0.0	0.0	0.0	0.0	0.0	0.0	0.0	0.0	0.0	0.0	0.0	0.0	0.0	0.0	0.0	0.0	0.0	0.0006230529595015577	0.0	0.0	0.0	0.0	0.0	0.0	0.0	0.0	0.0	0.0	0.0	0.0	0.0	0.0	0.0	0.0	0.0	0.0	0.0	0.0
0.0	0.0	0.0	0.0	0.0	0.0	0.0	0.0	0.0	0.0	0.0	0.0	0.0	0.0	0.0	0.0	0.0	0.0	0.0	0.0	0.0	0.0	0.0	0.0	0.0	0.0	0.0	0.0	0.0	0.0	0.0	0.0	0.0	0.0	0.0	0.0	0.0	0.0	0.0	0.0	0.0	0.0	0.0	0.00010488777008600797	0.0	0.0	0.0	0.0	0.0	0.0	0.0	0.0	0.0	0.0	0.0	0.0	0.0	0.0	0.0	0.0	0.0	0.0	0.0	0.0	0.0	0.0	0.0	0.0	0.0	0.0	0.0	0.0	0.0	0.0	0.0	0.0	0.0	0.0	0.0	0.0	0.0	0.0	0.0	0.0	0.0	0.0	0.0	0.0	0.0	0.0	0.0	0.0	0.0	0.0	0.0	0.0	0.0	0.0	0.0	0.0	0.0	0.0	0.0	0.0	0.0	0.0	0.0	0.0	0.0	0.0	0.0	0.0	0.0	0.0	0.0	0.0	0.0	0.0	0.0	0.0	0.0	0.0	0.0	0.0	0.0	0.0	0.0	0.0	0.0	0.0	0.0	0.0	0.0	0.0	0.0	0.0	0.0	0.0	0.0	0.0	0.0	0.0	0.0	0.0	0.0	0.0	0.0	0.0	0.0	0.0	0.0	0.0	0.0	0.0	0.0	0.0	0.0	0.0
0.0	3.5052666631614e-05	3.9715636045911274e-05	0.0	0.0	0.0	0.0	0.0	0.0	0.0	0.0	0.0	0.0	0.0	0.0	0.0	0.0	0.0	0.0	0.0	0.0	0.0	1.1749914813117605e-05	0.0	0.0	0.0	0.0	0.0	0.0	0.0	0.0	0.0	0.0	0.0	1.526985653969781e-05	0.0	0.0	0.0	0.0	0.0	0.0	0.0	0.0	6.3568345506671494e-06	0.0	0.0	0.0	0.0	0.0	0.0	0.0	0.0	0.0	0.0	0.0	0.0	0.00010377750103777501	0.0	0.0	0.0	0.0	0.0	0.0	0.0	0.0	1.030364852194162e-05	0.0	0.0	0.0	0.0	0.0	0.0	0.0	0.0	0.0	0.0	8.311308366163002e-06	0.0	0.0	0.0	0.0	0.0	0.0	0.0	2.560458834223093e-05	0.0	0.0	0.0	5.2931057297869525e-05	0.0	0.0	0.0	1.4478275347840565e-05	0.0	0.0	0.0	4.1116730397598784e-05	0.0	0.0	0.0	0.0	0.0	0.0	0.0	0.0	0.0	0.0	0.0	0.0	0.0	0.0	0.0	0.0	0.0	0.0	0.0	2.0094847681054576e-05	0.0	1.063637427273791e-05	0.0	0.0	0.0	0.0	0.0	0.0	0.0	0.0	0.0	0.0	0.0	0.0	3.483106931382794e-05	0.0	0.0	0.0	0.0	0.0	0.0	0.0	0.0	1.7188332559858367e-05	0.0	0.0	0.0	0.0	0.0	0.0	0.0	0.0	0.0	0.0	0.0	0.0	0.0	0.0	0.0	0.0	0.0
